1
M
47.4
159.8
89.5
199.9
47.8
45.3
87.8
80.4
12.7
22.4
40.6
139.6
199.6
137.8
124.3
180.6
184.9
126.9
136.1
89.9
46.0
167.4
147.8
22.7
191.1
29.0
48.8
41.2
82.4
156.5
17.0
92.9
165.9
11.8
64.6
177.7
116.4
168.1
112.5
95.0
66.2
19.5
140.3
149.1
198.4
28.4
161.0
119.2
120.0
162.1
191.4
71.0
52.6
45.2
147.7
155.4
34.4
38.0
194.0
94.4
89.3
150.9
61.2
108.3
158.8
154.0
163.6
127.4
18.2
59.7
171.0
92.1
70.3
167.7
95.7
22.2
117.8
198.9
31.6
61.1
73.5
79.9
169.4
40.1
74.1
167.7
114.1
187.5
176.9
85.7
79.0
112.1
192.5
27.8
128.1
32.4
70.5
110.2
75.7
35.4
82.1
184.7
109.7
80.6
93.8
192.7
22.1
62.9
23.0
156.1
173.4
3.6
192.4
38.9
120.6
73.1
29.7
177.4
183.0
181.1
34.2
72.0
62.1
146.7
106.4
176.9
86.7
10.1
63.7
21.7
95.7
153.6
46.4
125.5
40.1
22.7
173.2
120.8
101.7
117.6
157.7
140.3
33.7
90.8
