2
M
1.0
-3.5
2.5
4.1
200
77
81
115
36
193
166
52
33
49
108
51
111
160
118
111
88
103
121
145
37
159
110
24
74
137
119
181
4
163
173
131
3
172
82
117
6
48
123
59
151
52
31
97
123
55
107
90
184
67
13
181
51
48
192
169
73
91
181
130
171
39
163
192
195
113
198
180
90
96
79
26
180
116
176
68
38
33
47
166
92
164
60
127
128
87
157
114
42
34
140
90
190
158
154
55
69
182
82
172
197
163
107
185
183
3
10
93
188
1
176
69
32
95
196
64
171
8
107
59
14
23
130
150
125
4
134
84
164
64
52
122
198
172
185
75
112
127
57
36
